
	 M 
|  1.400  1.400  1.400  1.400  1.400  1.400  1.400  1.400  1.400  1.400  1.400  1.400  1.400  1.400  |
|  1.500  1.500  1.500  1.500  1.500  1.500  1.500  1.500  1.500  1.500  1.500  1.500  1.500  1.500  |
|  1.600  1.600  1.600  1.600  1.600  1.600  1.600  1.600  1.600  1.600  1.600  1.600  1.600  1.600  |
|  1.700  1.700  1.700  1.700  1.700  1.700  1.700  1.700  1.700  1.700  1.700  1.700  1.700  1.700  |
|  1.800  1.800  1.800  1.800  1.800  1.800  1.800  1.800  1.800  1.800  1.800  1.800  1.800  1.800  |
|  1.900  1.900  1.900  1.900  1.900  1.900  1.900  1.900  1.900  1.900  1.900  1.900  1.900  1.900  |
|  2.000  2.000  2.000  2.000  2.000  2.000  2.000  2.000  2.000  2.000  2.000  2.000  2.000  2.000  |
|  2.100  2.100  2.100  2.100  2.100  2.100  2.100  2.100  2.100  2.100  2.100  2.100  2.100  2.100  |
|  2.200  2.200  2.200  2.200  2.200  2.200  2.200  2.200  2.200  2.200  2.200  2.200  2.200  2.200  |
|  2.300  2.300  2.300  2.300  2.300  2.300  2.300  2.300  2.300  2.300  2.300  2.300  2.300  2.300  |
|  2.400  2.400  2.400  2.400  2.400  2.400  2.400  2.400  2.400  2.400  2.400  2.400  2.400  2.400  |
|  2.500  2.500  2.500  2.500  2.500  2.500  2.500  2.500  2.500  2.500  2.500  2.500  2.500  2.500  |
|  2.600  2.600  2.600  2.600  2.600  2.600  2.600  2.600  2.600  2.600  2.600  2.600  2.600  2.600  |
|  2.700  2.700  2.700  2.700  2.700  2.700  2.700  2.700  2.700  2.700  2.700  2.700  2.700  2.700  |

	 V1 
|  1.400  1.300  1.200  1.100  1.000  0.900  0.800  0.700  0.600  0.500  0.400  0.300  0.200  0.100  |

	 V2 
|  14.700  15.750  16.800  17.850  18.900  19.950  21.000  22.050  23.100  24.150  25.200  26.250  27.300  28.350  |
